464002
756672
501802
37758
971894
958370
396690
833112
351302
903966
144984
481026
116872
346178
373282
456232
431746
678216
969780
158606
324436
100366
409500
538678
741020
190190
467152
748832
867230
846384
56616
857052
448042
944734
108192
300706
76104
335958
781396
280532
876652
991606
194586
439530
905380
750610
532056
669298
287266
899346
971096
227360
140560
461832
667044
315028
321748
537866
182224
51114
561232
607418
334166
825090
721434
367514
932974
267176
753494
25998
685090
117586
553518
502628
849800
844998
36750
801850
930580
131026
438830
481040
307160
274218
244622
946806
445032
730226
292278
811580
735196
971334
521780
328286
966406
416598
300678
586082
594160
907438
387562
463568
253722
428624
688324
583282
965328
733362
531832
365638
501060
79422
836360
841260
198632
627984
200942
452872
765268
608300
987182
604814
473536
621488
182644
516880
788396
560910
394912
523236
701554
569730
441182
734650
613116
539952
488180
291718
244272
606046
826168
217658
319228
209160
721588
594944
995554
382018
789572
234346
528360
517846
89012
123984
636874
491596
901138
759472
457758
647192
869372
890302
461650
57400
953582
412678
195664
651700
683382
98910
548002
377622
374122
445928
105700
127106
542724
516012
231210
630070
272398
906346
422940
586908
603610
987504
147280
482930
522004
771834
257642
925092
712936
922054
165116
320852
734790
309176
520856
93324
486990
566146
567448
533526
683186
354312
668290
969990
89586
886018
872312
336966
906332
316862
19502
722050
879746
702268
582722
915852
660030
888860
431438
807366
884772
32186
395738
198828
536508
61586
379554
342538
800814
744044
93576
450604
879844
152404
23590
617050
690718
91168
691642
106792
158550
657160
297136
618562
755468
311192
973168
510580
658980
715386
616714
297234
907956
748244
508900
658504
907928
222712
294770
127512
382270
867510
98728
870926
427728
392308
599158
424102
677838
141386
370244
765842
409724
292208
956690
33502
216440
771120
724962
216230
